1 (138106.4973763902, 6711, 53289)
2 (138067.48027445245, 6742, 53258)
3 (58013.35855908324, 38613, 21387)
4 (5805.556489004351, 58202, 1798)
5 (3839.979347423257, 58817, 1183)
6 (2911.0832736095986, 59113, 887)
7 (2336.873958783376, 59295, 705)
8 (1937.8589564901488, 59400, 600)
9 (1605.8087186358453, 59483, 517)
10 (1378.2452644172472, 59579, 421)
9875 125
1 (899.3042359843118, 59733, 267)
2 (702.3264746827882, 59806, 194)
3 (585.0205654270588, 59851, 149)
4 (492.4563939036831, 59886, 114)
5 (422.78306310977445, 59906, 94)
6 (360.5902953156204, 59923, 77)
7 (310.6428326648731, 59936, 64)
8 (269.7217871401698, 59941, 59)
9 (227.5801336351184, 59953, 47)
10 (190.24525353259858, 59958, 42)
9895 105
1 (172.85234439389288, 59956, 44)
2 (139.87492265973086, 59973, 27)
3 (119.36622002207709, 59978, 22)
4 (106.9244121004707, 59981, 19)
5 (96.87204535067623, 59983, 17)
6 (88.00348147645539, 59984, 16)
7 (80.71632819899746, 59987, 13)
8 (74.5900512797921, 59990, 10)
9 (69.31069163274911, 59991, 9)
10 (64.86946435325535, 59993, 7)
9905 95
