1 (138106.4973763902, 6711, 53289)
865.9902410507202
2 (138067.48027445245, 6742, 53258)
868.3326306343079
3 (58013.35855908324, 38613, 21387)
866.6804194450378
4 (5805.556489004351, 58202, 1798)
867.688131570816
5 (3839.979347423257, 58817, 1183)
865.527049779892
6 (2911.0832736095986, 59113, 887)
868.5233056545258
7 (2336.873958783376, 59295, 705)
865.0315470695496
8 (1937.8589564901488, 59400, 600)
868.3043115139008
9 (1605.8087186358453, 59483, 517)
867.6996767520905
10 (1378.2452644172472, 59579, 421)
869.3981645107269
9875 125
1 (899.3042359843118, 59733, 267)
864.4303741455078
2 (702.3264746827882, 59806, 194)
868.0885939598083
3 (585.0205654270588, 59851, 149)
866.8388407230377
4 (492.4563939036831, 59886, 114)
863.9523148536682
5 (422.78306310977445, 59906, 94)
14181.118462085724
6 (360.5902953156204, 59923, 77)
862.4951560497284
7 (310.6428326648731, 59936, 64)
866.936493396759
8 (269.7217871401698, 59941, 59)
867.2370188236237
9 (227.5801336351184, 59953, 47)
871.7511696815491
10 (190.24525353259858, 59958, 42)
867.6532461643219
9895 105
1 (172.85234439389288, 59956, 44)
874.4128408432007
2 (139.87492265973086, 59973, 27)
870.6760604381561
3 (119.36622002207709, 59978, 22)
879.8212139606476
4 (106.9244121004707, 59981, 19)
879.1147332191467
5 (96.87204535067623, 59983, 17)
880.3234276771545
6 (88.00348147645539, 59984, 16)
883.9026200771332
7 (80.71632819899746, 59987, 13)
881.3773543834686
8 (74.5900512797921, 59990, 10)
883.988855600357
9 (69.31069163274911, 59991, 9)
886.669939994812
10 (64.86946435325535, 59993, 7)
897.0068798065186
9905 95