1 (52106.266873129476, 42510, 17490)
647.3508429527283
2 (5728.1315718676815, 58197, 1803)
644.9912462234497
3 (3856.8811249768737, 58811, 1189)
648.4604821205139
4 (3016.790845930835, 59078, 922)
644.5089511871338
5 (2481.051506424164, 59264, 736)
644.3877811431885
6 (2067.5409103013885, 59373, 627)
643.7674307823181
7 (1749.0830522162253, 59462, 538)
642.3432993888855
8 (1484.9626113925176, 59564, 436)
643.3904399871826
9 (1269.0690028847241, 59626, 374)
642.4818708896637
10 (1141.3909971230364, 59650, 350)
645.5676364898682
11 (992.5402472017939, 59688, 312)
646.030353307724
12 (863.0716377843037, 59740, 260)
646.6442368030548
13 (789.8586367430767, 59757, 243)
645.0015013217926
14 (754.0723836813103, 59772, 228)
651.5638825893402
15 (646.8299723071702, 59799, 201)
639.2151083946228
16 (593.1905157606703, 59805, 195)
638.2515251636505
17 (547.2938598633616, 59834, 166)
635.4371056556702
18 (480.87218146189747, 59857, 143)
633.6390595436096
19 (451.8144352349009, 59841, 159)
633.2859046459198
20 (421.7444994566106, 59872, 128)
632.8972375392914
9879 121
0.0001 20
[['input', (1, 28, 28)], ['convolution', [(5, 5), 8, 0, 1]], ['maxpooling', [(2, 2), 2]], ['convolution', [(5, 5), 16, 0, 1]], ['maxpooling', [(2, 2), 2]], ['hidden', 100], ['output', 10]]
17.348767042160034