1 (23014.9152972621, 1661, 8339)
2 (16217.113475158216, 4985, 5015)
3 (3416.484041144033, 8949, 1051)
4 (1964.3138056268378, 9417, 583)
5 (1403.868686972753, 9579, 421)
6 (1108.4632477330254, 9674, 326)
7 (917.8813711873787, 9724, 276)
8 (768.3771520069766, 9775, 225)
9 (645.580492529974, 9810, 190)
10 (558.2716903236754, 9841, 159)
11 (472.9342560304296, 9865, 135)
12 (414.59326335204344, 9882, 118)
13 (342.8023330535441, 9897, 103)
14 (281.4031665981968, 9914, 86)
15 (239.9427113864737, 9926, 74)
16 (196.3407337847196, 9944, 56)
17 (184.53382358933692, 9943, 57)
18 (186.54067911904983, 9940, 60)
19 (194.28167937610115, 9946, 54)
20 (165.91017987498296, 9951, 49)
9722 278